7 5
0 0
7 4
1 1
7 9
7 2
1 1
7 3
1 1
7 4
1 3
1 5
1 3
6 6
1 1
7 7
7 2
1 8
1 6
7 9
4 4
7 0
7 9
1 1
1 1
1 2
7 4
7 3
7 2
1 7
7 3
1 8
7 6
7 9
7 0
1 5
1 6
7 0
7 7
7 6
1 1
1 8
7 7
7 9
1 3
7 9
1 8
1 5
7 9
1 3
1 3
7 0
7 7
1 4
7 9
7 8
7 0
7 9
7 4
1 1
7 4
1 4
1 6
7 0
7 4
1 5
6 6
1 1
1 0
7 0
1 1
7 7
1 1
1 6
7 3
7 0
1 2
1 1
1 1
7 7
7 9
7 0
7 2
7 6
7 7
1 8
7 3
7 9
7 0
4 4
6 6
7 7
7 4
1 6
7 8
7 0
7 7
7 8
1 3
1 1
1 5
7 7
1 1
7 7
1 1
1 1
7 6
1 3
7 0
7 2
7 9
7 3
1 1
1 1
7 0
4 4
7 9
7 2
7 0
0 0
7 2
7 0
1 2
7 7
1 1
1 8
7 6
7 4
1 1
1 6
1 3
7 4
1 5
7 9
7 1
1 3
1 3
1 8
1 5
7 4
7 7
1 7
7 4
1 2
1 8
1 5
1 8
6 6
7 7
7 3
1 4
6 6
1 1
7 9
7 9
6 6
7 0
7 3
7 7
7 2
7 8
1 2
7 9
1 4
4 4
6 6
4 4
7 9
7 7
7 0
7 9
7 2
7 9
1 5
1 1
1 5
7 9
1 1
7 2
7 3
1 2
7 3
7 5
7 9
1 1
7 7
1 6
1 2
7 8
7 2
1 2
1 5
7 0
7 7
4 4
7 9
7 7
1 8
1 3
7 2
